
Reading file grep-2.18.csv
----------------------------------------
Found good data on 66 functions.
Found 3 definitely multimodal functions:
 * get_nondigit_option [0,0,2,0,1,0,0,0,0,0,0]
 * grepdirent [0,0,7,8,0,45,46,0,0,0,0]
 * print_filename [0,0,0,97,2,7,0,0,0,0,0]
Processing gprof data, found 126 functions
DynaProf found 0 functions gprof did not:

Reading file gzip-1.6.csv
----------------------------------------
Found good data on 36 functions.
Found 1 definitely multimodal functions:
 * updcrc [0,0,1,0,0,100,1,0,0,0,0]
Processing gprof data, found 53 functions
DynaProf found 0 functions gprof did not:

Reading file bzip.csv
----------------------------------------
Found good data on 60 functions.
Found 6 definitely multimodal functions:
 * myfeof [0,0,91,10,1,22,0,0,0,0,0]
 * BZ2_bzRead [0,0,0,0,6,99,0,3,0,0,0]
 * default_bzfree [0,0,5,3,4,6,0,0,0,0,0]
 * bsPutUChar [0,53,49,2,0,15,0,0,0,0,0]
 * mainSimpleSort [0,16,15,40,46,2,1,0,0,0,0]
 * fallbackQSort3 [0,0,30,20,10,38,2,0,0,0,0]
Processing gprof data, found 62 functions
DynaProf found 0 functions gprof did not:

Reading file perl.csv
----------------------------------------
Found good data on 415 functions.
Found 67 definitely multimodal functions:
 * Perl_av_clear [0,19,41,8,1,3,9,5,1,1,9]
 * Perl_av_shift [0,3,199,2,1,2,0,0,0,0,0]
 * Perl_do_trans [0,0,76,28,58,44,0,0,0,0,0]
 * Perl_do_kv [0,0,0,32,14,15,1,0,0,0,0]
 * Perl_gv_fetchmeth_autoload [0,0,0,2,0,1,0,0,0,0,0]
 * Perl_gv_fetchmethod [0,0,0,11,11,0,1,0,0,0,0]
 * Perl_gv_fetchmethod_autoload [0,0,0,13,9,0,1,0,0,0,0]
 * Perl_gv_handler [0,0,10,9,0,3,0,0,0,0,0]
 * Perl_hv_store_ent [0,0,90,20,0,1,0,0,0,0,0]
 * Perl_hv_fetch_ent [0,0,119,16,13,60,0,0,0,0,0]
 * S_share_hek_flags [0,0,27,74,4,7,0,0,0,0,0]
 * Perl_hv_iterkeysv [0,0,94,7,10,0,0,0,0,0,0]
 * S_hfreeentries [0,10,20,0,0,0,0,1,0,1,10]
 * Perl_hv_iternext [0,0,96,3,0,12,0,0,0,0,0]
 * Perl_mg_set [0,0,3,105,47,52,0,0,0,0,0]
 * Perl_grok_number [0,0,85,14,0,12,0,0,0,0,0]
 * Perl_op_free [0,0,0,0,0,8,0,0,1,0,0]
 * Perl_refkids [0,0,92,8,0,1,0,0,0,0,0]
 * Perl_append_elem [0,27,39,34,0,0,1,0,0,0,0]
 * Perl_prepend_elem [0,6,56,38,0,1,0,0,0,0,0]
 * Perl_newLISTOP [0,0,52,47,0,1,1,0,0,0,0]
 * Perl_convert [0,0,4,89,3,5,0,0,0,0,0]
 * Perl_newSTATEOP [0,0,0,97,0,4,0,0,0,0,0]
 * Perl_fold_constants [0,20,50,29,0,2,0,0,0,0,0]
 * Perl_newATTRSUB [0,0,0,2,80,10,4,5,0,0,0]
 * Perl_my [0,0,33,65,1,2,0,0,0,0,0]
 * Perl_newLOGOP [0,0,4,94,1,2,0,0,0,0,0]
 * Perl_newANONLIST [0,0,0,61,8,9,1,0,0,0,0]
 * Perl_ck_open [0,0,4,1,5,0,0,0,0,0,0]
 * Perl_peep [0,16,29,31,4,6,15,0,0,0,0]
 * Perl_pad_undef [0,0,1,7,1,0,0,3,0,0,0]
 * Perl_pad_alloc [0,0,67,33,0,1,0,0,0,0,0]
 * Perl_pad_free [0,12,58,0,0,7,17,3,0,1,0]
 * S_call_list_body [0,0,0,3,32,37,9,12,0,0,0]
 * Perl_call_sv [0,0,0,4,37,48,9,12,0,0,0]
 * Perl_PerlIO_flush [0,0,15,78,8,11,0,0,0,0,0]
 * PerlIOBase_read [0,0,0,8,57,17,19,0,0,0,0]
 * PerlIOUnix_read [0,0,0,41,28,13,19,0,0,0,0]
 * PerlIOBuf_flush [0,0,8,82,9,3,10,0,0,0,0]
 * PerlIOBuf_fill [0,0,0,13,52,17,19,0,0,0,0]
 * PerlIOBuf_read [0,0,0,8,56,18,19,0,0,0,0]
 * PerlIOBuf_get_cnt [0,92,6,0,3,0,0,0,0,0,0]
 * PerlIO_getc [0,0,0,8,56,18,19,0,0,0,0]
 * Perl_yyparse [0,0,0,0,1,0,18,10,2,0,0]
 * S_dopoptosub [0,0,107,23,9,69,0,0,0,0,0]
 * Perl_block_gimme [0,0,53,58,0,1,0,0,0,0,0]
 * Perl_pp_return [0,0,42,69,2,95,0,0,0,0,0]
 * Perl_pp_last [0,0,0,8,0,5,0,0,0,0,0]
 * Perl_pp_next [0,0,94,10,9,37,0,0,0,0,0]
 * S_doopen_pm [0,0,0,0,2,1,31,0,0,0,0]
 * Perl_pp_entereval [0,0,0,0,1,0,1,0,0,0,0]
 * Perl_pp_entersub [0,0,0,0,0,1,0,4,6,0,1]
 * S_regtail [0,50,43,1,7,4,5,0,0,0,0]
 * S_reginsert [0,64,19,0,3,11,2,2,0,0,0]
 * Perl_regexec_flags [0,0,22,119,22,45,0,0,0,0,0]
 * S_find_byclass [0,0,162,33,3,9,0,0,0,0,0]
 * Perl_runops_standard [0,0,0,95,12,1,1,2,0,0,0]
 * S_save_scalar_at [0,2,26,9,12,0,0,0,0,0,0]
 * Perl_sv_add_arena [0,0,29,74,1,2,0,0,0,0,0]
 * S_del_xiv [0,87,120,0,1,0,0,0,0,0,0]
 * S_new_xpvcv [0,38,59,0,4,0,0,0,0,0,0]
 * S_new_xiv [0,70,137,0,1,0,0,0,0,0,0]
 * S_del_xpvcv [0,37,53,4,7,0,0,0,0,0,0]
 * S_more_xpviv [0,0,0,2,2,0,1,0,0,0,0]
 * S_filter_gets [0,0,4,87,3,3,4,0,0,0,0]
 * S_force_word [0,0,8,90,2,0,1,0,0,0,0]
 * S_force_version [0,0,82,5,6,0,0,0,0,0,0]
Processing gprof data, found 276 functions
DynaProf found 42 functions gprof did not:
 * Perl_av_shift, 2 0 58 38 10 0 0 0 0 0 0, 0 3 199 2 1 2 0 0 0 0 0, 207, 1, 87, 198246, 2176.0, 0.0, TRUE
 * Perl_do_kv, 0 0 0 0 0 0 0 0 0 0 0, 0 0 0 32 14 15 1 0 0 0 0, 62, 1, 1561, 8048886, 221541.2, 0.0, FALSE
 * Perl_hv_store_ent, 11 1 0 0 0 0 0 0 0 0 0, 0 0 90 20 0 1 0 0 0 0 0, 111, 1, 288, 136890, 2330.4, 0.0, FALSE
 * Perl_hv_fetch_ent, 1 2 95 11 0 0 0 0 0 0 0, 0 0 119 16 13 60 0 0 0 0 0, 208, 1, 114, 452739, 56628.1, 0.0, FALSE
 * S_share_hek_flags, 11 2 0 0 0 0 0 0 0 0 0, 0 0 27 74 4 7 0 0 0 0 0, 112, 1, 224, 129837, 10303.7, 0.0, FALSE
 * Perl_hv_iterkeysv, 12 0 0 0 0 0 0 0 0 0 0, 0 0 94 7 10 0 0 0 0 0 0, 111, 1, 240, 31503, 2000.0, 0.0, FALSE
 * S_hfreeentries, 0 0 0 0 0 0 0 0 0 0 0, 0 10 20 0 0 0 0 1 0 1 10, 42, 1, 48, 41552210817, 7254271020.0, 0.0, FALSE
 * Perl_mg_set, 2 0 106 0 0 0 0 0 0 0 0, 0 0 3 105 47 52 0 0 0 0 0, 207, 1, 792, 266046, 48486.2, 0.0, FALSE
 * Perl_op_free, 0 0 0 0 0 0 0 0 0 0 0, 0 0 0 0 0 8 0 0 1 0 0, 9, 1, 132566, 198264011, 22156787.4, 0.0, FALSE
 * Perl_append_elem, 2 0 0 0 0 0 0 0 0 0 0, 0 27 39 34 0 0 1 0 0 0 0, 101, 1, 45, 2005569, 20691.6, 0.0, FALSE
 * Perl_newLISTOP, 2 0 0 0 0 0 0 0 0 0 0, 0 0 52 47 0 1 1 0 0 0 0, 101, 1, 150, 1418067, 17298.2, 0.0, FALSE
 * Perl_newLOGOP, 2 0 0 0 0 0 0 0 0 0 0, 0 0 4 94 1 2 0 0 0 0 0, 101, 1, 780, 266082, 6423.6, 0.0, FALSE
 * Perl_ck_open, 0 0 0 0 0 0 0 0 0 0 0, 0 0 4 1 5 0 0 0 0 0 0, 10, 1, 203, 26656, 10633.9, 0.0, FALSE
 * Perl_pad_undef, 0 0 0 0 0 0 0 0 0 0 0, 0 0 1 7 1 0 0 3 0 0 0, 12, 1, 161, 71928225, 10302716.2, 0.0, FALSE
 * Perl_pad_alloc, 2 0 0 0 0 0 0 0 0 0 0, 0 0 67 33 0 1 0 0 0 0 0, 101, 1, 132, 484554, 5631.0, 0.0, FALSE
 * Perl_pad_free, 0 0 0 0 0 0 0 0 0 0 0, 0 12 58 0 0 7 17 3 0 1 0, 98, 1, 72, 6850250883, 71163952.0, 0.0, FALSE
 * S_call_list_body, 0 0 0 0 0 0 0 0 0 0 0, 0 0 0 3 32 37 9 12 0 0 0, 93, 1, 8036, 95314122, 4466998.8, 0.0, FALSE
 * Perl_PerlIO_flush, 12 1 0 0 0 0 0 0 0 0 0, 0 0 15 78 8 11 0 0 0 0 0, 112, 1, 330, 163494, 15474.5, 0.0, FALSE
 * PerlIOBase_read, 2 0 0 0 0 0 0 0 0 0 0, 0 0 0 8 57 17 19 0 0 0 0, 101, 1, 3136, 4212320, 373639.7, 0.0, FALSE
 * PerlIOUnix_read, 2 0 0 0 0 0 0 0 0 0 0, 0 0 0 41 28 13 19 0 0 0 0, 101, 1, 1575, 4203717, 362072.6, 0.0, TRUE
 * PerlIOBuf_flush, 12 1 0 0 0 0 0 0 0 0 0, 0 0 8 82 9 3 10 0 0 0 0, 112, 1, 609, 1788783, 161808.8, 0.0, FALSE
 * PerlIOBuf_fill, 2 0 0 0 0 0 0 0 0 0 0, 0 0 0 13 52 17 19 0 0 0 0, 101, 1, 2408, 4207000, 369803.5, 0.0, FALSE
 * PerlIOBuf_read, 2 0 0 0 0 0 0 0 0 0 0, 0 0 0 8 56 18 19 0 0 0 0, 101, 1, 3563, 4213524, 381061.9, 0.0, FALSE
 * PerlIOBuf_get_cnt, 2 0 0 0 0 0 0 0 0 0 0, 0 92 6 0 3 0 0 0 0 0 0, 101, 1, 77, 25515, 561.9, 0.0, FALSE
 * PerlIO_getc, 2 0 0 0 0 0 0 0 0 0 0, 0 0 0 8 56 18 19 0 0 0 0, 101, 1, 4214, 4215274, 386648.2, 0.0, FALSE
 * S_dopoptosub, 2 6 101 0 0 0 0 0 0 0 0, 0 0 107 23 9 69 0 0 0 0 0, 208, 1, 135, 371703, 72315.6, 0.0, FALSE
 * Perl_block_gimme, 12 1 0 0 0 0 0 0 0 0 0, 0 0 53 58 0 1 0 0 0 0 0, 112, 1, 222, 203460, 2958.3, 0.0, FALSE
 * Perl_pp_return, 2 8 99 0 0 0 0 0 0 0 0, 0 0 42 69 2 95 0 0 0 0 0, 208, 1, 606, 718152, 164592.9, 0.0, FALSE
 * Perl_pp_last, 0 0 0 0 0 0 0 0 0 0 0, 0 0 0 8 0 5 0 0 0 0 0, 13, 1, 1512, 292866, 97010.7, 0.0, FALSE
 * Perl_pp_next, 30 5 16 0 0 0 0 0 0 0 0, 0 0 94 10 9 37 0 0 0 0 0, 150, 1, 237, 324547, 53205.9, 0.0, FALSE
 * Perl_pp_entersub, 0 0 0 0 0 0 0 0 0 0 0, 0 0 0 0 0 1 0 4 6 0 1, 12, 1, 120484, 303984903830, 25429076490.6, 0.0, FALSE
 * Perl_runops_standard, 12 0 0 0 0 0 0 0 0 0 0, 0 0 0 95 12 1 1 2 0 0 0, 111, 1, 1386, 39217029, 555845.3, 0.0, FALSE
 * S_save_scalar_at, 0 0 0 0 0 0 0 0 0 0 0, 0 2 26 9 12 0 0 0 0 0 0, 49, 1, 90, 27576, 4575.9, 0.0, FALSE
 * Perl_sv_add_arena, 7 0 0 0 0 0 0 0 0 0 0, 0 0 29 74 1 2 0 0 0 0 0, 106, 1, 636, 405585, 7024.6, 0.0, TRUE
 * S_del_xiv, 2 10 97 0 0 0 0 0 0 0 0, 0 87 120 0 1 0 0 0 0 0 0, 208, 1, 45, 77736, 557.4, 0.0, TRUE
 * S_new_xpvcv, 2 0 0 0 0 0 0 0 0 0 0, 0 38 59 0 4 0 0 0 0 0 0, 101, 1, 45, 20538, 753.6, 0.0, FALSE
 * S_new_xiv, 2 10 97 0 0 0 0 0 0 0 0, 0 70 137 0 1 0 0 0 0 0 0, 208, 1, 39, 10283, 245.1, 0.0, FALSE
 * S_del_xpvcv, 2 0 0 0 0 0 0 0 0 0 0, 0 37 53 4 7 0 0 0 0 0 0, 101, 1, 54, 29532, 1333.9, 0.0, TRUE
 * S_more_xpviv, 0 0 0 0 0 0 0 0 0 0 0, 0 0 0 2 2 0 1 0 0 0 0, 5, 1, 2421, 8001597, 1613335.4, 0.0, TRUE
 * S_filter_gets, 2 0 0 0 0 0 0 0 0 0 0, 0 0 4 87 3 3 4 0 0 0 0, 101, 1, 753, 1964332, 76040.5, 0.0, FALSE
 * S_force_word, 2 0 0 0 0 0 0 0 0 0 0, 0 0 8 90 2 0 1 0 0 0 0, 101, 1, 186, 1983198, 22264.0, 0.0, FALSE
 * S_force_version, 0 0 0 0 0 0 0 0 0 0 0, 0 0 82 5 6 0 0 0 0 0 0, 93, 1, 324, 28038, 1699.1, 0.0, FALSE

 avg durations of gprof-missed: [245.1,557.4,561.9,753.6,1333.9,1699.1,2000.0,2176.0,2330.4,2958.3,4575.9,5631.0,6423.6,7024.6,10303.7,10633.9,15474.5,17298.2,20691.6,22264.0,48486.2,53205.9,56628.1,72315.6,76040.5,97010.7,161808.8,164592.9,221541.2,362072.6,369803.5,373639.7,381061.9,386648.2,555845.3,1613335.4,4466998.8,1.03027162e7,2.21567874e7,7.1163952e7,7.25427102e9,2.54290764906e10]
                        median: 53205.9

 max durations of gprof-missed: [10283,20538,25515,26656,27576,28038,29532,31503,77736,129837,136890,163494,198246,203460,266046,266082,292866,324547,371703,405585,452739,484554,718152,1418067,1788783,1964332,1983198,2005569,4203717,4207000,4212320,4213524,4215274,8001597,8048886,39217029,71928225,95314122,198264011,6850250883,41552210817,303984903830]
                        median: 484554

        counts of gprof-missed: [5,9,10,12,12,13,42,49,62,93,93,98,101,101,101,101,101,101,101,101,101,101,101,101,101,101,106,111,111,111,112,112,112,112,150,207,207,208,208,208,208,208]
                        median: 101

  total cycles of gprof-missed: [50980.799999999996,56751.899999999994,76113.6,106339.0,115939.2,134723.90000000002,158016.3,222000.0,224219.09999999998,258674.40000000002,331329.60000000003,450432.0,568731.0,648783.6000000001,744607.6000000001,1154014.4000000001,1261139.0999999999,1733144.0,1747118.2000000002,2089851.5999999999,2248664.0,7680090.5,7980885.0,8066677.0,1.0036643399999999e7,1.1778644799999999e7,1.37355544e7,1.50416448e7,1.8122585599999998e7,3.4235323199999996e7,3.6569332599999994e7,3.73501535e7,3.77376097e7,3.8487251900000006e7,3.90514682e7,6.1698828300000004e7,1.2363259439999999e8,1.994110866e8,4.154308884e8,6.974067296e9,3.0467938284e11,3.0514891788719995e11]
                        median: 7680090.5

 Max duration of a function dynaprof missed: 303984903830

Reading file h264.csv
----------------------------------------
Found good data on 317 functions.
Found 42 definitely multimodal functions:
 * dct_luma [0,0,13,100,0,1,0,0,0,0,0]
 * dct_chroma [0,0,0,111,1,2,0,0,0,0,0]
 * intrapred_luma [0,0,71,40,0,3,0,0,0,0,0]
 * delete_contexts_MotionInfo [0,6,0,1,0,0,0,0,0,0,0]
 * delete_contexts_TextureInfo [0,6,0,1,0,0,0,0,0,0,0]
 * FmoStartPicture [0,0,0,15,0,10,0,0,0,0,0]
 * FmoGetFirstMBOfSliceGroup [0,0,94,13,0,1,0,0,0,0,0]
 * FmoGetPreviousMBNr [0,63,38,0,10,3,0,0,0,0,0]
 * FmoGetFirstMacroblockInSlice [0,2,68,4,0,1,0,0,0,0,0]
 * PutBigDoubleWord [0,0,24,0,1,0,0,0,0,0,0]
 * EdgeLoop [0,0,0,113,0,1,0,0,0,0,0]
 * start_macroblock [0,0,0,97,3,13,0,0,0,0,0]
 * terminate_macroblock [0,0,0,98,3,13,0,0,0,0,0]
 * ChromaPrediction4x4 [0,0,98,2,13,0,0,0,0,0,0]
 * writeReferenceFrame [0,70,33,4,0,6,0,0,0,0,0]
 * writeLumaCoeff8x8 [0,0,0,97,5,11,0,0,0,0,0]
 * get_mb_pos [0,0,102,3,4,5,0,0,0,0,0]
 * getNonAffNeighbour [0,38,61,6,4,5,0,0,0,0,0]
 * getNeighbour [0,0,96,8,2,8,0,0,0,0,0]
 * getLuma4x4Neighbour [0,13,71,16,6,7,0,0,0,0,0]
 * free_storable_picture [0,47,35,1,12,5,0,0,0,0,0]
 * update_ltref_list [0,0,2,15,0,9,0,0,0,0,0]
 * update_ref_list [0,0,0,31,0,10,0,0,0,0,0]
 * is_used_for_reference [0,11,6,8,0,0,0,0,0,0,0]
 * flush_dpb [0,0,0,1,0,0,1,0,0,0,0]
 * unmark_for_reference [0,0,5,15,0,10,1,0,0,0,0]
 * sliding_window_memory_management [0,0,8,2,0,14,0,0,0,0,0]
 * free_mem2Dpel [0,0,56,33,0,10,1,0,0,0,0]
 * get_mem3Dint [0,0,0,8,0,1,0,0,0,0,0]
 * free_mem2D [0,0,27,23,1,0,1,0,0,0,0]
 * free_mem2Dint [0,0,91,8,0,1,0,0,0,0,0]
 * free_mem3Dint [0,0,0,8,0,1,0,0,0,0,0]
 * FastFullPelBlockMotionSearch [0,0,0,102,1,1,9,0,0,0,0]
 * SetMotionVectorPredictor [0,0,99,9,0,5,0,0,0,0,0]
 * BlockMotionSearch [0,0,0,33,68,3,9,0,0,0,0]
 * RDCost_for_8x8blocks [0,0,0,92,8,13,0,0,0,0,0]
 * PutPel_14 [0,33,9,72,0,0,0,0,0,0,0]
 * writeSyntaxElement_UVLC [0,0,51,47,4,11,0,0,0,0,0]
 * u_v [0,0,28,19,0,7,0,0,0,0,0]
 * writeSyntaxElement_VLC [0,29,77,6,0,1,0,0,0,0,0]
 * writeSyntaxElement_NumCoeffTrailingOnes [0,0,96,4,6,7,0,0,0,0,0]
 * writeSyntaxElement_Level_VLCN [0,0,81,31,0,0,1,0,0,0,0]
Processing gprof data, found 271 functions
DynaProf found 42 functions gprof did not:
 * dct_luma, 1 6 5 3 0 0 0 0 0 0 0, 0 0 13 100 0 1 0 0 0 0 0, 114, 1, 696, 101679, 2491.4, 0.0, FALSE
 * dct_chroma, 1 12 2 0 0 0 0 0 0 0 0, 0 0 0 111 1 2 0 0 0 0 0, 114, 1, 3363, 133554, 6742.8, 0.0, TRUE
 * intrapred_luma, 1 12 0 2 0 0 0 0 0 0 0, 0 0 71 40 0 3 0 0 0 0 0, 114, 1, 567, 597579, 10879.9, 0.0, FALSE
 * delete_contexts_MotionInfo, 0 0 0 0 0 0 0 0 0 0 0, 0 6 0 1 0 0 0 0 0 0 0, 7, 1, 63, 1421, 259.0, 0.0, TRUE
 * delete_contexts_TextureInfo, 0 0 0 0 0 0 0 0 0 0 0, 0 6 0 1 0 0 0 0 0 0 0, 7, 1, 84, 1484, 289.0, 0.0, TRUE
 * FmoStartPicture, 0 0 0 0 0 0 0 0 0 0 0, 0 0 0 15 0 10 0 0 0 0 0, 25, 1, 4077, 363860, 96215.3, 0.0, FALSE
 * FmoGetFirstMBOfSliceGroup, 9 0 0 0 0 0 0 0 0 0 0, 0 0 94 13 0 1 0 0 0 0 0, 108, 1, 186, 348481, 3934.7, 0.0, FALSE
 * FmoGetPreviousMBNr, 1 12 2 0 0 0 0 0 0 0 0, 0 63 38 0 10 3 0 0 0 0 0, 114, 1, 36, 166908, 9072.7, 0.0, FALSE
 * FmoGetFirstMacroblockInSlice, 0 0 0 0 0 0 0 0 0 0 0, 0 2 68 4 0 1 0 0 0 0 0, 75, 1, 90, 244629, 3662.6, 0.0, TRUE
 * PutBigDoubleWord, 0 0 0 0 0 0 0 0 0 0 0, 0 0 24 0 1 0 0 0 0 0 0, 25, 1, 490, 54530, 2721.6, 0.0, TRUE
 * EdgeLoop, 14 0 1 0 0 0 0 0 0 0 0, 0 0 0 113 0 1 0 0 0 0 0, 114, 1, 1794, 131523, 3970.3, 0.0, TRUE
 * start_macroblock, 1 12 1 0 0 0 0 0 0 0 0, 0 0 0 97 3 13 0 0 0 0 0, 113, 1, 3153, 302088, 23558.5, 0.0, FALSE
 * terminate_macroblock, 1 12 2 0 0 0 0 0 0 0 0, 0 0 0 98 3 13 0 0 0 0 0, 114, 1, 1182, 292881, 20256.9, 0.0, FALSE
 * ChromaPrediction4x4, 1 12 1 0 0 0 0 0 0 0 0, 0 0 98 2 13 0 0 0 0 0 0, 113, 1, 282, 72465, 2455.3, 0.0, FALSE
 * writeReferenceFrame, 1 6 7 0 0 0 0 0 0 0 0, 0 70 33 4 0 6 0 0 0 0 0, 113, 1, 39, 262992, 11382.8, 0.0, FALSE
 * writeLumaCoeff8x8, 1 8 5 0 0 0 0 0 0 0 0, 0 0 0 97 5 11 0 0 0 0 0, 113, 1, 3111, 552411, 27191.9, 0.0, FALSE
 * get_mb_pos, 1 1 13 0 0 0 0 0 0 0 0, 0 0 102 3 4 5 0 0 0 0 0, 114, 1, 108, 236985, 8898.8, 0.0, FALSE
 * getNonAffNeighbour, 1 1 13 0 0 0 0 0 0 0 0, 0 38 61 6 4 5 0 0 0 0 0, 114, 1, 60, 283974, 10469.4, 0.0, FALSE
 * getNeighbour, 1 1 13 0 0 0 0 0 0 0 0, 0 0 96 8 2 8 0 0 0 0 0, 114, 1, 270, 528183, 19499.8, 0.0, FALSE
 * getLuma4x4Neighbour, 1 1 12 0 0 0 0 0 0 0 0, 0 13 71 16 6 7 0 0 0 0 0, 113, 1, 75, 402183, 17399.3, 0.0, FALSE
 * free_storable_picture, 1 0 0 0 0 0 0 0 0 0 0, 0 47 35 1 12 5 0 0 0 0 0, 100, 1, 39, 141700, 14696.4, 0.0, FALSE
 * update_ltref_list, 0 0 0 0 0 0 0 0 0 0 0, 0 0 2 15 0 9 0 0 0 0 0, 26, 1, 825, 296777, 67291.1, 0.0, FALSE
 * update_ref_list, 0 0 0 0 0 0 0 0 0 0 0, 0 0 0 31 0 10 0 0 0 0 0, 41, 1, 1038, 328756, 54965.0, 0.0, FALSE
 * is_used_for_reference, 0 0 0 0 0 0 0 0 0 0 0, 0 11 6 8 0 0 0 0 0 0 0, 25, 1, 91, 1449, 517.5, 0.0, TRUE
 * flush_dpb, 0 0 0 0 0 0 0 0 0 0 0, 0 0 0 1 0 0 1 0 0 0 0, 2, 1, 3951, 6637792, 3320871.5, 0.0, FALSE
 * unmark_for_reference, 0 0 0 0 0 0 0 0 0 0 0, 0 0 5 15 0 10 1 0 0 0 0, 31, 1, 140, 1035874, 114690.4, 0.0, FALSE
 * sliding_window_memory_management, 0 0 0 0 0 0 0 0 0 0 0, 0 0 8 2 0 14 0 0 0 0 0, 24, 1, 279, 570321, 197198.8, 0.0, FALSE
 * free_mem2Dpel, 1 0 0 0 0 0 0 0 0 0 0, 0 0 56 33 0 10 1 0 0 0 0, 100, 1, 411, 1034068, 35829.8, 0.0, TRUE
 * get_mem3Dint, 0 0 0 0 0 0 0 0 0 0 0, 0 0 0 8 0 1 0 0 0 0 0, 9, 1, 1260, 349545, 40654.4, 0.0, FALSE
 * free_mem2D, 0 0 0 0 0 0 0 0 0 0 0, 0 0 27 23 1 0 1 0 0 0 0, 52, 1, 384, 2846655, 56005.2, 0.0, TRUE
 * free_mem2Dint, 1 0 0 0 0 0 0 0 0 0 0, 0 0 91 8 0 1 0 0 0 0 0, 100, 1, 343, 159166, 2083.8, 0.0, TRUE
 * free_mem3Dint, 0 0 0 0 0 0 0 0 0 0 0, 0 0 0 8 0 1 0 0 0 0 0, 9, 1, 1666, 270284, 32106.7, 0.0, FALSE
 * FastFullPelBlockMotionSearch, 1 4 9 0 0 0 0 0 0 0 0, 0 0 0 102 1 1 9 0 0 0 0, 113, 1, 1659, 1804227, 110630.6, 0.0, FALSE
 * SetMotionVectorPredictor, 1 1 12 0 0 0 0 0 0 0 0, 0 0 99 9 0 5 0 0 0 0 0, 113, 1, 345, 362403, 10561.4, 0.0, FALSE
 * BlockMotionSearch, 1 6 7 0 0 0 0 0 0 0 0, 0 0 0 33 68 3 9 0 0 0 0, 113, 1, 7410, 2024529, 144132.1, 0.0, FALSE
 * RDCost_for_8x8blocks, 1 9 4 0 0 0 0 0 0 0 0, 0 0 0 92 8 13 0 0 0 0 0, 113, 1, 5859, 776427, 68307.9, 0.0, FALSE
 * PutPel_14, 14 1 0 0 0 0 0 0 0 0 0, 0 33 9 72 0 0 0 0 0 0 0, 114, 1, 33, 6414, 2310.8, 0.0, TRUE
 * writeSyntaxElement_UVLC, 1 9 4 0 0 0 0 0 0 0 0, 0 0 51 47 4 11 0 0 0 0 0, 113, 1, 501, 322212, 23524.6, 0.0, FALSE
 * u_v, 0 0 0 0 0 0 0 0 0 0 0, 0 0 28 19 0 7 0 0 0 0 0, 54, 1, 123, 333275, 29122.2, 0.0, FALSE
 * writeSyntaxElement_VLC, 1 12 1 0 0 0 0 0 0 0 0, 0 29 77 6 0 1 0 0 0 0 0, 113, 1, 57, 351978, 3360.3, 0.0, FALSE
 * writeSyntaxElement_NumCoeffTrailingOnes, 1 12 1 0 0 0 0 0 0 0 0, 0 0 96 4 6 7 0 0 0 0 0, 113, 1, 105, 163821, 13425.4, 0.0, FALSE
 * writeSyntaxElement_Level_VLCN, 1 13 0 0 0 0 0 0 0 0 0, 0 0 81 31 0 0 1 0 0 0 0, 113, 1, 117, 1356666, 12634.4, 0.0, FALSE

 avg durations of gprof-missed: [259.0,289.0,517.5,2083.8,2310.8,2455.3,2491.4,2721.6,3360.3,3662.6,3934.7,3970.3,6742.8,8898.8,9072.7,10469.4,10561.4,10879.9,11382.8,12634.4,13425.4,14696.4,17399.3,19499.8,20256.9,23524.6,23558.5,27191.9,29122.2,32106.7,35829.8,40654.4,54965.0,56005.2,67291.1,68307.9,96215.3,110630.6,114690.4,144132.1,197198.8,3320871.5]
                        median: 14696.4

 max durations of gprof-missed: [1421,1449,1484,6414,54530,72465,101679,131523,133554,141700,159166,163821,166908,236985,244629,262992,270284,283974,292881,296777,302088,322212,328756,333275,348481,349545,351978,362403,363860,402183,528183,552411,570321,597579,776427,1034068,1035874,1356666,1804227,2024529,2846655,6637792]
                        median: 322212

        counts of gprof-missed: [2,7,7,9,9,24,25,25,25,26,31,41,52,54,75,100,100,100,108,113,113,113,113,113,113,113,113,113,113,113,113,113,114,114,114,114,114,114,114,114,114,114]
                        median: 113

  total cycles of gprof-missed: [1813.0,2023.0,12937.5,68040.0,208380.00000000003,263431.2,274695.0,277448.9,284019.60000000003,288960.3,365889.60000000003,379713.9,424947.6,452614.2,768679.2000000001,1014463.2,1034287.8,1193438.2,1193511.5999999999,1240308.5999999999,1286256.4,1427687.2,1469640.0,1517070.2,1572598.8,1749568.6,1966120.9,2222977.1999999997,2253565.0,2309286.6,2405382.5,2658279.8,2662110.5,2912270.4,3072684.7,3555402.4,3582980.0000000005,4732771.199999999,6641743.0,7718792.699999999,1.25012578e7,1.62869273e7]
                        median: 1427687.2

 Max duration of a function dynaprof missed: 6637792
